225 1
-8.0192255e+003
-3.5249500e+003
-3.5097411e+003
-3.0434583e+003
-2.6813149e+003
-2.3343807e+003
-2.1228621e+003
-2.0367936e+003
-2.1228600e+003
-2.3343769e+003
-2.6813098e+003
-3.0434528e+003
-3.5097361e+003
-3.5249462e+003
-8.0192234e+003
-3.5249500e+003
4.9724480e+002
1.7667732e+002
2.2211636e+002
1.6916887e+002
1.6200009e+002
1.3803544e+002
1.4076093e+002
1.3803531e+002
1.6199984e+002
1.6916854e+002
2.2211601e+002
1.7667699e+002
4.9724455e+002
-3.5249501e+003
-3.5097411e+003
1.7667732e+002
-9.1559626e+001
-2.1461062e+001
-4.1138842e+001
-2.3403736e+001
-2.9050071e+001
-2.0866959e+001
-2.9050042e+001
-2.3403683e+001
-4.1138773e+001
-2.1460987e+001
-9.1559557e+001
1.7667737e+002
-3.5097411e+003
-3.0434583e+003
2.2211636e+002
-2.1461062e+001
3.4000013e+001
9.8411369e+000
1.9883739e+001
1.1076815e+001
1.7000001e+001
1.1076805e+001
1.9883721e+001
9.8411124e+000
3.3999987e+001
-2.1461086e+001
2.2211634e+002
-3.0434583e+003
-2.6813149e+003
1.6916887e+002
-4.1138842e+001
9.8411369e+000
-8.6424323e+000
2.3178553e+000
-3.8965018e+000
1.7870178e+000
-3.8964969e+000
2.3178644e+000
-8.6424205e+000
9.8411497e+000
-4.1138830e+001
1.6916888e+002
-2.6813149e+003
-2.3343807e+003
1.6200009e+002
-2.3403736e+001
1.9883739e+001
2.3178553e+000
1.0755271e+001
4.5332283e+000
9.2390708e+000
4.5332253e+000
1.0755266e+001
2.3178481e+000
1.9883731e+001
-2.3403743e+001
1.6200009e+002
-2.3343807e+003
-2.1228621e+003
1.3803544e+002
-2.9050071e+001
1.1076815e+001
-3.8965018e+000
4.5332283e+000
-5.7271352e-001
3.8735943e+000
-5.7271128e-001
4.5332325e+000
-3.8964964e+000
1.1076821e+001
-2.9050065e+001
1.3803544e+002
-2.1228621e+003
-2.0367936e+003
1.4076093e+002
-2.0866959e+001
1.7000001e+001
1.7870178e+000
9.2390708e+000
3.8735943e+000
8.0000000e+000
3.8735922e+000
9.2390670e+000
1.7870129e+000
1.6999996e+001
-2.0866964e+001
1.4076093e+002
-2.0367937e+003
-2.1228600e+003
1.3803531e+002
-2.9050042e+001
1.1076805e+001
-3.8964969e+000
4.5332253e+000
-5.7271128e-001
3.8735922e+000
-5.7270905e-001
4.5332295e+000
-3.8964915e+000
1.1076810e+001
-2.9050037e+001
1.3803531e+002
-2.1228600e+003
-2.3343769e+003
1.6199984e+002
-2.3403683e+001
1.9883721e+001
2.3178644e+000
1.0755266e+001
4.5332325e+000
9.2390670e+000
4.5332295e+000
1.0755260e+001
2.3178571e+000
1.9883713e+001
-2.3403690e+001
1.6199984e+002
-2.3343769e+003
-2.6813098e+003
1.6916854e+002
-4.1138773e+001
9.8411124e+000
-8.6424205e+000
2.3178481e+000
-3.8964964e+000
1.7870129e+000
-3.8964915e+000
2.3178571e+000
-8.6424086e+000
9.8411252e+000
-4.1138761e+001
1.6916855e+002
-2.6813098e+003
-3.0434528e+003
2.2211601e+002
-2.1460987e+001
3.3999987e+001
9.8411497e+000
1.9883731e+001
1.1076821e+001
1.6999996e+001
1.1076810e+001
1.9883713e+001
9.8411252e+000
3.3999960e+001
-2.1461012e+001
2.2211599e+002
-3.0434528e+003
-3.5097361e+003
1.7667699e+002
-9.1559557e+001
-2.1461086e+001
-4.1138830e+001
-2.3403743e+001
-2.9050065e+001
-2.0866964e+001
-2.9050037e+001
-2.3403690e+001
-4.1138761e+001
-2.1461012e+001
-9.1559488e+001
1.7667704e+002
-3.5097361e+003
-3.5249462e+003
4.9724455e+002
1.7667737e+002
2.2211634e+002
1.6916888e+002
1.6200009e+002
1.3803544e+002
1.4076093e+002
1.3803531e+002
1.6199984e+002
1.6916855e+002
2.2211599e+002
1.7667704e+002
4.9724430e+002
-3.5249463e+003
-8.0192234e+003
-3.5249501e+003
-3.5097411e+003
-3.0434583e+003
-2.6813149e+003
-2.3343807e+003
-2.1228621e+003
-2.0367937e+003
-2.1228600e+003
-2.3343769e+003
-2.6813098e+003
-3.0434528e+003
-3.5097361e+003
-3.5249463e+003
-8.0192214e+003
