49 1
-4.8924480e+002
-1.7704529e+002
-1.5400009e+002
-1.2534672e+002
-1.5399984e+002
-1.7704493e+002
-4.8924455e+002
-1.7704529e+002
3.4000013e+001
1.1045207e+001
1.7000001e+001
1.1045188e+001
3.3999987e+001
-1.7704531e+002
-1.5400009e+002
1.1045207e+001
-2.7552714e+000
3.3467185e+000
-2.7552659e+000
1.1045215e+001
-1.5400009e+002
-1.2534672e+002
1.7000001e+001
3.3467185e+000
8.0000000e+000
3.3467147e+000
1.6999996e+001
-1.2534672e+002
-1.5399984e+002
1.1045188e+001
-2.7552659e+000
3.3467147e+000
-2.7552604e+000
1.1045196e+001
-1.5399984e+002
-1.7704493e+002
3.3999987e+001
1.1045215e+001
1.6999996e+001
1.1045196e+001
3.3999960e+001
-1.7704495e+002
-4.8924455e+002
-1.7704531e+002
-1.5400009e+002
-1.2534672e+002
-1.5399984e+002
-1.7704495e+002
-4.8924430e+002
