Augmented Matrix:
-380.049 71.6644 -18.4853 9.17157 -6 4.61984 -4 71.6644 0 0 0 0 0 0 -18.4853 0 0 0 0 0 0 9.17157 0 0 0 0 0 0 -6 0 0 0 0 0 0 4.61984 0 0 0 0 0 0 -4 0 0 0 0 0 0 -489.245 
36.0379 -236.024 23.3614 -6 2.9817 -2 1.61894 0 71.6644 0 0 0 0 0 0 -18.4853 0 0 0 0 0 0 9.17157 0 0 0 0 0 0 -6 0 0 0 0 0 0 4.61984 0 0 0 0 0 0 -4 0 0 0 0 0 -177.045 
-6 17.6203 -216 14.8284 -4 2.09541 -1.51472 0 0 71.6644 0 0 0 0 0 0 -18.4853 0 0 0 0 0 0 9.17157 0 0 0 0 0 0 -6 0 0 0 0 0 0 4.61984 0 0 0 0 0 0 -4 0 0 0 0 -154 
2.34315 -4 13.6569 -212.024 13.6569 -4 2.34315 0 0 0 71.6644 0 0 0 0 0 0 -18.4853 0 0 0 0 0 0 9.17157 0 0 0 0 0 0 -6 0 0 0 0 0 0 4.61984 0 0 0 0 0 0 -4 0 0 0 -125.347 
-1.51472 2.09541 -4 14.8284 -216 17.6203 -6 0 0 0 0 71.6644 0 0 0 0 0 0 -18.4853 0 0 0 0 0 0 9.17157 0 0 0 0 0 0 -6 0 0 0 0 0 0 4.61984 0 0 0 0 0 0 -4 0 0 -154 
1.61894 -2 2.9817 -6 23.3614 -236.024 36.0379 0 0 0 0 0 71.6644 0 0 0 0 0 0 -18.4853 0 0 0 0 0 0 9.17157 0 0 0 0 0 0 -6 0 0 0 0 0 0 4.61984 0 0 0 0 0 0 -4 0 -177.045 
-4 4.61984 -6 9.17157 -18.4853 71.6644 -380.049 0 0 0 0 0 0 71.6644 0 0 0 0 0 0 -18.4853 0 0 0 0 0 0 9.17157 0 0 0 0 0 0 -6 0 0 0 0 0 0 4.61984 0 0 0 0 0 0 -4 -489.245 
36.0379 0 0 0 0 0 0 -236.024 71.6644 -18.4853 9.17157 -6 4.61984 -4 23.3614 0 0 0 0 0 0 -6 0 0 0 0 0 0 2.9817 0 0 0 0 0 0 -2 0 0 0 0 0 0 1.61894 0 0 0 0 0 0 -177.045 
0 36.0379 0 0 0 0 0 36.0379 -92 23.3614 -6 2.9817 -2 1.61894 0 23.3614 0 0 0 0 0 0 -6 0 0 0 0 0 0 2.9817 0 0 0 0 0 0 -2 0 0 0 0 0 0 1.61894 0 0 0 0 0 34 
0 0 36.0379 0 0 0 0 -6 17.6203 -71.9756 14.8284 -4 2.09541 -1.51472 0 0 23.3614 0 0 0 0 0 0 -6 0 0 0 0 0 0 2.9817 0 0 0 0 0 0 -2 0 0 0 0 0 0 1.61894 0 0 0 0 11.0452 
0 0 0 36.0379 0 0 0 2.34315 -4 13.6569 -68 13.6569 -4 2.34315 0 0 0 23.3614 0 0 0 0 0 0 -6 0 0 0 0 0 0 2.9817 0 0 0 0 0 0 -2 0 0 0 0 0 0 1.61894 0 0 0 17 
0 0 0 0 36.0379 0 0 -1.51472 2.09541 -4 14.8284 -71.9756 17.6203 -6 0 0 0 0 23.3614 0 0 0 0 0 0 -6 0 0 0 0 0 0 2.9817 0 0 0 0 0 0 -2 0 0 0 0 0 0 1.61894 0 0 11.0452 
0 0 0 0 0 36.0379 0 1.61894 -2 2.9817 -6 23.3614 -92 36.0379 0 0 0 0 0 23.3614 0 0 0 0 0 0 -6 0 0 0 0 0 0 2.9817 0 0 0 0 0 0 -2 0 0 0 0 0 0 1.61894 0 34 
0 0 0 0 0 0 36.0379 -4 4.61984 -6 9.17157 -18.4853 71.6644 -236.024 0 0 0 0 0 0 23.3614 0 0 0 0 0 0 -6 0 0 0 0 0 0 2.9817 0 0 0 0 0 0 -2 0 0 0 0 0 0 1.61894 -177.045 
-6 0 0 0 0 0 0 17.6203 0 0 0 0 0 0 -216 71.6644 -18.4853 9.17157 -6 4.61984 -4 14.8284 0 0 0 0 0 0 -4 0 0 0 0 0 0 2.09541 0 0 0 0 0 0 -1.51472 0 0 0 0 0 0 -154 
0 -6 0 0 0 0 0 0 17.6203 0 0 0 0 0 36.0379 -71.9756 23.3614 -6 2.9817 -2 1.61894 0 14.8284 0 0 0 0 0 0 -4 0 0 0 0 0 0 2.09541 0 0 0 0 0 0 -1.51472 0 0 0 0 0 11.0452 
0 0 -6 0 0 0 0 0 0 17.6203 0 0 0 0 -6 17.6203 -51.9512 14.8284 -4 2.09541 -1.51472 0 0 14.8284 0 0 0 0 0 0 -4 0 0 0 0 0 0 2.09541 0 0 0 0 0 0 -1.51472 0 0 0 0 -2.75527 
0 0 0 -6 0 0 0 0 0 0 17.6203 0 0 0 2.34315 -4 13.6569 -47.9756 13.6569 -4 2.34315 0 0 0 14.8284 0 0 0 0 0 0 -4 0 0 0 0 0 0 2.09541 0 0 0 0 0 0 -1.51472 0 0 0 3.34672 
0 0 0 0 -6 0 0 0 0 0 0 17.6203 0 0 -1.51472 2.09541 -4 14.8284 -51.9512 17.6203 -6 0 0 0 0 14.8284 0 0 0 0 0 0 -4 0 0 0 0 0 0 2.09541 0 0 0 0 0 0 -1.51472 0 0 -2.75527 
0 0 0 0 0 -6 0 0 0 0 0 0 17.6203 0 1.61894 -2 2.9817 -6 23.3614 -71.9756 36.0379 0 0 0 0 0 14.8284 0 0 0 0 0 0 -4 0 0 0 0 0 0 2.09541 0 0 0 0 0 0 -1.51472 0 11.0452 
0 0 0 0 0 0 -6 0 0 0 0 0 0 17.6203 -4 4.61984 -6 9.17157 -18.4853 71.6644 -216 0 0 0 0 0 0 14.8284 0 0 0 0 0 0 -4 0 0 0 0 0 0 2.09541 0 0 0 0 0 0 -1.51472 -154 
2.34315 0 0 0 0 0 0 -4 0 0 0 0 0 0 13.6569 0 0 0 0 0 0 -212.024 71.6644 -18.4853 9.17157 -6 4.61984 -4 13.6569 0 0 0 0 0 0 -4 0 0 0 0 0 0 2.34315 0 0 0 0 0 0 -125.347 
0 2.34315 0 0 0 0 0 0 -4 0 0 0 0 0 0 13.6569 0 0 0 0 0 36.0379 -68 23.3614 -6 2.9817 -2 1.61894 0 13.6569 0 0 0 0 0 0 -4 0 0 0 0 0 0 2.34315 0 0 0 0 0 17 
0 0 2.34315 0 0 0 0 0 0 -4 0 0 0 0 0 0 13.6569 0 0 0 0 -6 17.6203 -47.9756 14.8284 -4 2.09541 -1.51472 0 0 13.6569 0 0 0 0 0 0 -4 0 0 0 0 0 0 2.34315 0 0 0 0 3.34672 
0 0 0 2.34315 0 0 0 0 0 0 -4 0 0 0 0 0 0 13.6569 0 0 0 2.34315 -4 13.6569 -44 13.6569 -4 2.34315 0 0 0 13.6569 0 0 0 0 0 0 -4 0 0 0 0 0 0 2.34315 0 0 0 8 
0 0 0 0 2.34315 0 0 0 0 0 0 -4 0 0 0 0 0 0 13.6569 0 0 -1.51472 2.09541 -4 14.8284 -47.9756 17.6203 -6 0 0 0 0 13.6569 0 0 0 0 0 0 -4 0 0 0 0 0 0 2.34315 0 0 3.34671 
0 0 0 0 0 2.34315 0 0 0 0 0 0 -4 0 0 0 0 0 0 13.6569 0 1.61894 -2 2.9817 -6 23.3614 -68 36.0379 0 0 0 0 0 13.6569 0 0 0 0 0 0 -4 0 0 0 0 0 0 2.34315 0 17 
0 0 0 0 0 0 2.34315 0 0 0 0 0 0 -4 0 0 0 0 0 0 13.6569 -4 4.61984 -6 9.17157 -18.4853 71.6644 -212.024 0 0 0 0 0 0 13.6569 0 0 0 0 0 0 -4 0 0 0 0 0 0 2.34315 -125.347 
-1.51472 0 0 0 0 0 0 2.09541 0 0 0 0 0 0 -4 0 0 0 0 0 0 14.8284 0 0 0 0 0 0 -216 71.6644 -18.4853 9.17157 -6 4.61984 -4 17.6203 0 0 0 0 0 0 -6 0 0 0 0 0 0 -154 
0 -1.51472 0 0 0 0 0 0 2.09541 0 0 0 0 0 0 -4 0 0 0 0 0 0 14.8284 0 0 0 0 0 36.0379 -71.9756 23.3614 -6 2.9817 -2 1.61894 0 17.6203 0 0 0 0 0 0 -6 0 0 0 0 0 11.0452 
0 0 -1.51472 0 0 0 0 0 0 2.09541 0 0 0 0 0 0 -4 0 0 0 0 0 0 14.8284 0 0 0 0 -6 17.6203 -51.9512 14.8284 -4 2.09541 -1.51472 0 0 17.6203 0 0 0 0 0 0 -6 0 0 0 0 -2.75527 
0 0 0 -1.51472 0 0 0 0 0 0 2.09541 0 0 0 0 0 0 -4 0 0 0 0 0 0 14.8284 0 0 0 2.34315 -4 13.6569 -47.9756 13.6569 -4 2.34315 0 0 0 17.6203 0 0 0 0 0 0 -6 0 0 0 3.34671 
0 0 0 0 -1.51472 0 0 0 0 0 0 2.09541 0 0 0 0 0 0 -4 0 0 0 0 0 0 14.8284 0 0 -1.51472 2.09541 -4 14.8284 -51.9512 17.6203 -6 0 0 0 0 17.6203 0 0 0 0 0 0 -6 0 0 -2.75526 
0 0 0 0 0 -1.51472 0 0 0 0 0 0 2.09541 0 0 0 0 0 0 -4 0 0 0 0 0 0 14.8284 0 1.61894 -2 2.9817 -6 23.3614 -71.9756 36.0379 0 0 0 0 0 17.6203 0 0 0 0 0 0 -6 0 11.0452 
0 0 0 0 0 0 -1.51472 0 0 0 0 0 0 2.09541 0 0 0 0 0 0 -4 0 0 0 0 0 0 14.8284 -4 4.61984 -6 9.17157 -18.4853 71.6644 -216 0 0 0 0 0 0 17.6203 0 0 0 0 0 0 -6 -154 
1.61894 0 0 0 0 0 0 -2 0 0 0 0 0 0 2.9817 0 0 0 0 0 0 -6 0 0 0 0 0 0 23.3614 0 0 0 0 0 0 -236.024 71.6644 -18.4853 9.17157 -6 4.61984 -4 36.0379 0 0 0 0 0 0 -177.045 
0 1.61894 0 0 0 0 0 0 -2 0 0 0 0 0 0 2.9817 0 0 0 0 0 0 -6 0 0 0 0 0 0 23.3614 0 0 0 0 0 36.0379 -92 23.3614 -6 2.9817 -2 1.61894 0 36.0379 0 0 0 0 0 34 
0 0 1.61894 0 0 0 0 0 0 -2 0 0 0 0 0 0 2.9817 0 0 0 0 0 0 -6 0 0 0 0 0 0 23.3614 0 0 0 0 -6 17.6203 -71.9756 14.8284 -4 2.09541 -1.51472 0 0 36.0379 0 0 0 0 11.0452 
0 0 0 1.61894 0 0 0 0 0 0 -2 0 0 0 0 0 0 2.9817 0 0 0 0 0 0 -6 0 0 0 0 0 0 23.3614 0 0 0 2.34315 -4 13.6569 -68 13.6569 -4 2.34315 0 0 0 36.0379 0 0 0 17 
0 0 0 0 1.61894 0 0 0 0 0 0 -2 0 0 0 0 0 0 2.9817 0 0 0 0 0 0 -6 0 0 0 0 0 0 23.3614 0 0 -1.51472 2.09541 -4 14.8284 -71.9756 17.6203 -6 0 0 0 0 36.0379 0 0 11.0452 
0 0 0 0 0 1.61894 0 0 0 0 0 0 -2 0 0 0 0 0 0 2.9817 0 0 0 0 0 0 -6 0 0 0 0 0 0 23.3614 0 1.61894 -2 2.9817 -6 23.3614 -92 36.0379 0 0 0 0 0 36.0379 0 34 
0 0 0 0 0 0 1.61894 0 0 0 0 0 0 -2 0 0 0 0 0 0 2.9817 0 0 0 0 0 0 -6 0 0 0 0 0 0 23.3614 -4 4.61984 -6 9.17157 -18.4853 71.6644 -236.024 0 0 0 0 0 0 36.0379 -177.045 
-4 0 0 0 0 0 0 4.61984 0 0 0 0 0 0 -6 0 0 0 0 0 0 9.17157 0 0 0 0 0 0 -18.4853 0 0 0 0 0 0 71.6644 0 0 0 0 0 0 -380.049 71.6644 -18.4853 9.17157 -6 4.61984 -4 -489.245 
0 -4 0 0 0 0 0 0 4.61984 0 0 0 0 0 0 -6 0 0 0 0 0 0 9.17157 0 0 0 0 0 0 -18.4853 0 0 0 0 0 0 71.6644 0 0 0 0 0 36.0379 -236.024 23.3614 -6 2.9817 -2 1.61894 -177.045 
0 0 -4 0 0 0 0 0 0 4.61984 0 0 0 0 0 0 -6 0 0 0 0 0 0 9.17157 0 0 0 0 0 0 -18.4853 0 0 0 0 0 0 71.6644 0 0 0 0 -6 17.6203 -216 14.8284 -4 2.09541 -1.51472 -154 
0 0 0 -4 0 0 0 0 0 0 4.61984 0 0 0 0 0 0 -6 0 0 0 0 0 0 9.17157 0 0 0 0 0 0 -18.4853 0 0 0 0 0 0 71.6644 0 0 0 2.34315 -4 13.6569 -212.024 13.6569 -4 2.34315 -125.347 
0 0 0 0 -4 0 0 0 0 0 0 4.61984 0 0 0 0 0 0 -6 0 0 0 0 0 0 9.17157 0 0 0 0 0 0 -18.4853 0 0 0 0 0 0 71.6644 0 0 -1.51472 2.09541 -4 14.8284 -216 17.6203 -6 -154 
0 0 0 0 0 -4 0 0 0 0 0 0 4.61984 0 0 0 0 0 0 -6 0 0 0 0 0 0 9.17157 0 0 0 0 0 0 -18.4853 0 0 0 0 0 0 71.6644 0 1.61894 -2 2.9817 -6 23.3614 -236.024 36.0379 -177.045 
0 0 0 0 0 0 -4 0 0 0 0 0 0 4.61984 0 0 0 0 0 0 -6 0 0 0 0 0 0 9.17157 0 0 0 0 0 0 -18.4853 0 0 0 0 0 0 71.6644 -4 4.61984 -6 9.17157 -18.4853 71.6644 -380.049 -489.244 
