# X Y
1 1.70711
2 1.35355
3 1
4 0.853558
5 1
6 1.35355
7 1.70711
8 1.35355
9 0.999999
10 0.646447
11 0.500004
12 0.646447
13 0.999999
14 1.35355
15 1
16 0.646447
17 0.292894
18 0.14645
19 0.292895
20 0.646447
21 1
22 0.853558
23 0.500004
24 0.14645
25 4.75118e-06
26 0.14645
27 0.500004
28 0.853558
29 1
30 0.646447
31 0.292895
32 0.14645
33 0.292894
34 0.646446
35 1
36 1.35355
37 0.999999
38 0.646447
39 0.500004
40 0.646446
41 0.999998
42 1.35355
43 1.70711
44 1.35355
45 1
46 0.853558
47 1
48 1.35355
49 1.7071
